1336 1337 113240
1080 1125 97040
1125 1336 207860
1125 1337 96740
1080 1336 211840
1080 1337 114360
1053 1080 4440
1073 1125 4640
1073 1080 182420
1097 1125 19840
1080 1097 37780
1073 1097 4640
1073 1336 194400
1189 1336 211840
1073 1337 21740
1080 1189 211740
1125 1189 210680
1189 1337 6780
1143 1337 5260
1075 1125 4940
1093 1125 5340
1075 1336 4880
1075 1080 4920
1075 1337 4900
1125 1138 188240
1080 1093 5220
1125 1199 182540
1138 1143 108660
1080 1143 19420
1125 1146 5120
1093 1146 5120
1138 1337 5680
1039 1080 5140
1093 1164 108600
1125 1164 88040
1080 1164 33640
1142 1164 194980
1080 1142 5340
1047 1125 5420
1047 1228 203860
1080 1228 203920
1080 1144 38620
1199 1337 107480
1075 1142 211440
1107 1125 5640
1125 1144 5500
1075 1164 211780
1109 1125 5560
1080 1107 23380
1080 1109 108440
1073 1138 210540
1047 1189 8620
1143 1146 5600
1103 1125 5620
1073 1146 182100
1199 1228 188080
1146 1337 106900
1125 1210 92920
1080 1210 5820
1039 1138 124940
1042 1125 182300
1042 1080 12340
1042 1210 5800
1063 1080 5920
1063 1125 5880
1032 1080 5940
1032 1125 5980
1032 1208 105200
1080 1208 6020
1125 1208 6020
1032 1210 6000
1032 1042 211580
1071 1208 6020
1071 1125 96840
1125 1180 38080
1080 1180 22040
1138 1189 211920
1073 1103 6160
1143 1180 6200
1075 1189 6240
1080 1090 6300
1090 1125 24220
1125 1200 6340
1080 1121 6380
1121 1125 6380
1063 1200 6340
1080 1200 6340
1073 1189 10280
1080 1104 39660
1104 1125 24980
1063 1146 6420
1189 1199 8240
1125 1198 182320
1092 1125 6480
1080 1198 205160
1146 1198 211780
1080 1187 6680
1125 1187 182560
1080 1215 115800
1125 1215 6640
1097 1104 6600
1086 1125 196840
1080 1086 203820
1047 1337 6780
1125 1335 100880
1121 1337 18000
1189 1200 6800
1080 1335 6800
1080 1175 6860
1125 1175 20140
1189 1210 210040
1063 1336 22960
1189 1228 182920
1121 1175 6860
1080 1193 210500
1193 1359 18980
1336 1359 6920
1164 1208 7000
1125 1193 6940
1067 1336 14160
1193 1336 6980
1067 1125 14420
1334 1336 103840
1080 1334 182600
1067 1359 191060
1125 1334 182680
1125 1360 182460
1164 1198 210880
1067 1334 191120
1334 1360 182900
1334 1359 198080
1142 1208 116820
1080 1105 187880
1097 1199 7040
1143 1199 7040
1125 1212 187680
1189 1334 187080
1189 1360 14680
1090 1189 197880
1142 1189 26820
1142 1199 123600
1125 1358 7120
1080 1358 40720
1143 1198 7140
1142 1210 187060
1125 1341 7160
1142 1360 126360
1142 1146 196600
1143 1360 7180
1041 1125 7200
1080 1213 203300
1125 1213 7220
1080 1135 105260
1125 1135 7260
1198 1334 11900
1125 1177 182580
1213 1341 211680
1135 1155 188380
1039 1208 7340
1051 1080 187540
1051 1125 7340
1051 1090 7360
1177 1189 14020
1090 1135 181920
1080 1179 188440
1212 1215 7520
1103 1215 7520
1090 1146 7960
1138 1142 124220
1199 1360 188140
1051 1142 118060
1125 1142 13600
1210 1213 211740
1199 1336 203740
1080 1206 7720
1063 1138 37440
1155 1189 7760
1189 1359 12040
1138 1199 196720
1146 1179 101300
1067 1138 129600
1067 1199 198040
1337 1358 19400
1097 1155 105760
1155 1335 209520
1097 1135 11900
1105 1143 204680
1053 1164 7940
1053 1208 22180
1053 1335 7940
1164 1213 20080
1056 1080 8100
1334 1337 36080
1138 1164 24640
1080 1131 8200
1189 1198 211680
1056 1180 8180
1131 1210 8220
1164 1336 128520
1131 1189 8940
1138 1336 212360
1189 1212 197840
1198 1336 211520
1092 1200 8280
1097 1336 37840
1336 1360 188180
1090 1179 8340
1080 1113 20340
1113 1336 25380
1107 1175 123160
1104 1334 20920
1113 1138 8460
1109 1189 12040
1208 1335 19540
1080 1181 108540
1177 1200 107900
1080 1126 8600
1126 1127 202000
1075 1208 14500
1080 1171 8800
1090 1336 211860
1105 1336 194100
1228 1359 14200
1042 1189 8860
1228 1336 103880
1032 1189 8800
1127 1359 8800
1047 1175 8820
1177 1215 125260
1049 1125 210460
1056 1075 8820
1039 1105 8840
1056 1198 8840
1075 1105 8840
1131 1358 8860
1127 1189 187100
1127 1358 106120
1125 1229 8900
1080 1229 108520
1080 1166 8960
1049 1189 211980
1198 1335 9180
1125 1359 9000
1049 1212 197600
1155 1171 202880
1092 1171 9080
1080 1133 9140
1104 1358 9160
1049 1359 9200
1133 1334 191700
1212 1359 11340
1335 1336 175420
1335 1337 9220
1181 1189 21840
1125 1181 107940
1093 1336 182520
1166 1177 9400
1227 1337 9540
1080 1227 37920
1080 1214 211840
1214 1337 9440
1080 1191 198000
1189 1214 11940
1179 1336 188260
1189 1227 9700
1179 1227 103880
1189 1191 211660
1179 1198 9980
1177 1179 103900
1198 1212 117700
1138 1166 11900
1179 1189 43880
1073 1187 11260
1166 1199 10540
1073 1358 130020
1089 1336 104340
1080 1136 10760
1126 1358 106000
1193 1228 110260
1126 1336 211040
1082 1337 11200
1131 1138 11600
1082 1199 175740
1175 1198 97000
1175 1359 96780
1198 1228 103860
1086 1198 11920
1086 1359 11900
1097 1206 13920
1179 1228 101840
1047 1135 188280
1135 1214 104280
1109 1215 11920
1086 1228 30160
1133 1359 188180
1047 1086 11940
1109 1175 38100
1097 1359 11940
1082 1334 191700
1171 1359 29660
1198 1206 11960
1086 1135 187100
1206 1227 204240
1193 1227 211900
1171 1189 211980
1179 1214 182840
1086 1189 12020
1073 1214 198820
1109 1228 182880
1127 1228 107800
1109 1127 12020
1097 1189 13780
1126 1198 211040
1127 1198 198300
1126 1228 176480
1187 1229 116960
1103 1146 12440
1179 1187 12160
1041 1213 179040
1117 1337 13080
1114 1337 13480
1053 1075 14440
1191 1208 123340
1103 1191 199740
1067 1105 13540
1067 1107 13540
1103 1208 116520
1105 1125 211180
1075 1089 187100
1164 1210 125240
1040 1210 13640
1040 1075 13640
1040 1107 13640
1040 1191 13640
1104 1146 193860
1104 1336 13680
1040 1138 39340
1040 1071 13680
1193 1206 13860
1047 1177 13780
1175 1228 123180
1133 1189 197540
1073 1360 188560
1092 1359 13780
1229 1360 104860
1154 1177 13800
1097 1121 13820
1171 1177 104960
1040 1334 29800
1214 1360 127080
1138 1334 189980
1103 1175 24720
1056 1086 13960
1067 1228 128520
1228 1229 14000
1040 1155 21220
1125 1143 196760
1039 1103 182300
1040 1146 20480
1040 1090 22020
1040 1189 211620
1121 1127 14100
1198 1358 102140
1039 1040 14200
1040 1336 16620
1040 1198 20900
1067 1358 14200
1086 1336 16760
1040 1213 14220
1040 1086 15340
1040 1206 14220
1171 1336 211800
1337 1360 101580
1040 1171 30820
1040 1127 14280
1053 1155 14260
1047 1146 196900
1109 1200 14260
1047 1131 14280
1075 1228 203820
1089 1228 129800
1053 1228 14300
1092 1179 14400
1067 1148 14360
1164 1228 100680
1073 1199 97560
1040 1360 24100
1075 1175 118340
1067 1133 209420
1105 1228 40140
1053 1191 199780
1093 1208 14580
1049 1228 14600
1067 1082 203480
1040 1049 42380
1051 1154 14640
1107 1200 106660
1088 1143 14680
1040 1181 14700
1088 1125 14720
1336 1358 126760
1086 1107 108000
1086 1131 14760
1073 1206 104860
1082 1086 117960
1154 1360 188220
1040 1180 22000
1040 1073 22160
1148 1214 19060
1040 1228 40820
1181 1212 15060
1189 1358 15080
1181 1336 101020
1177 1193 88300
1049 1133 118040
1040 1080 196200
1040 1199 22380
1133 1181 101540
1040 1104 21140
1040 1088 20240
1040 1133 34500
1049 1138 211900
1040 1063 16620
1049 1199 197200
1040 1117 36060
1117 1336 204360
1040 1143 16380
1143 1336 194100
1080 1138 210180
1080 1117 40400
1164 1335 17800
1135 1215 17980
1138 1179 187460
1061 1080 22200
1061 1143 18480
1117 1143 18480
1061 1189 18580
1040 1061 20820
1061 1138 18760
1061 1133 18820
1200 1214 18940
1047 1097 18980
1047 1148 19000
1103 1341 19000
1171 1337 19500
1199 1334 198100
1133 1360 127860
1107 1117 19060
1047 1143 195540
1109 1193 211520
1082 1215 19100
1143 1156 19140
1143 1228 19160
1199 1359 175740
1065 1080 19240
1065 1143 19260
1073 1171 210640
1154 1214 210120
1065 1214 196440
1073 1121 19380
1155 1156 123380
1228 1334 187080
1071 1191 19440
1071 1213 19560
1171 1212 97820
1210 1341 211680
1090 1341 19480
1212 1336 197800
1131 1171 19620
1136 1142 126360
1041 1210 20000
1089 1142 105000
1156 1171 129400
1180 1358 21800
1334 1358 19560
1051 1335 208520
1065 1358 19600
1051 1104 21080
1049 1080 19620
1117 1156 28120
1065 1360 188260
1089 1358 125960
1090 1126 211520
1143 1208 19900
1171 1214 211760
1061 1125 22240
1040 1041 19980
1073 1198 210060
1177 1228 187520
1126 1146 211520
1143 1189 204580
1105 1212 36320
1143 1212 182780
1105 1189 204660
1154 1187 20180
1171 1215 200560
1177 1360 181900
1103 1177 195740
1177 1191 203760
1228 1337 41200
1088 1133 20260
1133 1138 203460
1073 1117 176200
1039 1067 20460
1143 1181 97720
1041 1206 22040
1089 1164 22100
1103 1212 194040
1105 1181 108040
1061 1105 22080
1040 1136 21000
1040 1105 20640
1049 1063 20680
1049 1181 107420
1133 1199 197620
1049 1061 22080
1136 1189 20800
1082 1228 30660
1113 1164 21300
1053 1103 199820
1146 1228 20920
1104 1133 126680
1040 1337 20940
1049 1105 210120
1113 1142 20980
1114 1136 187840
1114 1210 211700
1040 1103 21040
1063 1143 21240
1073 1334 97400
1088 1138 24540
1080 1085 21260
1097 1138 21300
1135 1335 182340
1073 1127 104980
1177 1208 123320
1105 1138 97640
1073 1180 116980
1080 1152 194580
1152 1180 210520
1127 1146 202040
1146 1156 21620
1193 1358 123760
1073 1152 188380
1085 1358 126960
1152 1358 21740
1179 1337 107100
1073 1179 187300
1073 1085 188420
1051 1107 21820
1073 1164 187540
1073 1089 182120
1073 1075 187360
1063 1105 21980
1040 1179 22000
1040 1114 24300
1063 1189 22120
1214 1215 197280
1056 1092 22360
1061 1336 22180
1138 1171 209700
1063 1358 22260
1061 1073 22260
1089 1152 30700
1125 1179 22360
1117 1193 22380
1117 1358 128480
1142 1152 22440
1065 1090 89780
1152 1337 22880
1156 1198 22660
1171 1360 126380
1138 1360 181700
1092 1155 208000
1063 1075 22840
1107 1152 22860
1075 1171 210560
1047 1093 23060
1075 1358 126800
1090 1127 202020
1089 1210 23200
1075 1156 203620
1156 1164 23420
1088 1187 37400
1228 1360 182820
1040 1053 23680
1142 1228 31260
1067 1090 23760
1082 1142 23780
1152 1228 24140
1051 1187 203280
1082 1359 203780
1088 1092 23840
1040 1067 24220
1040 1092 23940
1155 1229 23900
1088 1090 23920
1080 1092 23960
1051 1073 24020
1080 1149 211980
1187 1334 194120
1117 1155 24160
1149 1155 24100
1117 1138 103100
1082 1125 182760
1117 1125 24240
1090 1131 24420
1104 1113 110220
1113 1187 209880
1113 1229 24480
1088 1104 24580
1104 1164 24640
1104 1138 129380
1109 1156 24720
1067 1080 109520
1080 1359 25140
1156 1214 182860
1109 1214 24720
1056 1107 29020
1080 1082 25160
1086 1171 182540
1086 1138 24960
1191 1227 25140
1080 1162 205160
1067 1162 26480
1149 1180 117540
1082 1162 25080
1104 1177 25080
1104 1191 25120
1191 1193 209940
1104 1227 25160
1143 1227 25180
1080 1158 196180
1187 1336 211920
1175 1187 117660
1136 1227 192060
1104 1187 26100
1040 1158 212260
1138 1158 118000
1039 1162 212360
1033 1201 211520
1033 1067 107920
1039 1179 26980
1158 1199 27040
1171 1228 187100
1105 1146 30060
1047 1104 28900
1066 1067 197800
1149 1177 100400
1033 1104 195600
1107 1149 29360
1082 1177 194160
1162 1335 29880
1133 1158 123860
1214 1359 30120
1075 1152 182140
1156 1228 194200
1114 1177 30140
1215 1228 30140
1142 1358 128440
1114 1360 30160
1156 1162 197700
1040 1359 30160
1138 1228 103880
1073 1114 41420
1138 1227 39960
1109 1142 97360
1092 1138 30220
1152 1158 30320
1039 1198 129780
1039 1156 30360
1180 1200 30340
1227 1228 30340
1040 1152 30360
1075 1117 182900
1171 1193 97660
1107 1189 30380
1107 1133 30380
1125 1228 187580
1171 1198 197300
1125 1126 108840
1125 1171 210360
1125 1133 117940
1039 1090 211620
1149 1335 107880
1149 1336 211500
1090 1114 30600
1105 1171 211220
1088 1113 32040
1175 1191 30740
1187 1191 211680
1154 1191 30760
1171 1210 125880
1149 1179 119280
1149 1181 30800
1149 1210 31120
1131 1155 30840
1047 1075 203560
1075 1104 30860
1103 1214 117640
1088 1206 31360
1073 1135 182200
1191 1214 212180
1179 1210 179220
1198 1229 30960
1073 1126 125540
1086 1152 194420
1063 1131 31220
1138 1210 126860
1201 1228 41140
1090 1142 127300
1039 1228 31300
1033 1210 195820
1201 1210 211500
1107 1206 100980
1033 1206 210060
1168 1359 31480
1088 1175 41000
1168 1206 183000
1138 1168 88560
1065 1089 41000
1131 1206 31640
1146 1189 211680
1146 1334 31660
1175 1229 37220
1067 1131 31720
1146 1164 204000
1180 1208 31800
1033 1073 101000
1067 1106 31860
1086 1200 31860
1142 1177 35340
1090 1198 202880
1073 1144 32360
1109 1191 32360
1073 1168 182060
1073 1133 124940
1179 1206 32600
1138 1206 91520
1162 1360 127560
1104 1175 33440
1164 1179 101380
1065 1082 34300
1179 1212 34240
1227 1336 97160
1206 1336 210000
1149 1175 34300
1086 1162 34800
1180 1212 41580
1206 1228 188320
1084 1359 35180
1067 1171 35260
1227 1360 188780
1115 1359 35240
1080 1360 35260
1104 1206 35640
1026 1359 35320
1089 1180 36060
1090 1180 211920
1086 1193 36060
1065 1093 36060
1156 1180 36080
1090 1156 182900
1040 1208 36100
1089 1191 97700
1090 1171 204400
1090 1105 42860
1090 1106 36160
1114 1215 198000
1212 1360 189660
1063 1089 36240
1136 1336 107300
1063 1067 36280
1065 1136 203680
1142 1213 36280
1142 1191 104540
1136 1138 206320
1040 1042 36900
1136 1210 211740
1093 1191 36420
1133 1228 203600
1126 1156 117880
1080 1089 36500
1136 1199 208320
1026 1115 210660
1075 1215 187460
1103 1179 38160
1103 1142 36560
1082 1191 36600
1179 1208 36680
1126 1210 128300
1115 1133 36720
1131 1133 36720
1033 1136 37120
1033 1090 188280
1131 1201 36840
1090 1214 42640
1106 1206 37080
1214 1336 211800
1065 1133 203020
1158 1228 37740
1032 1115 194380
1115 1200 37040
1042 1177 100880
1040 1131 37180
1042 1149 37180
1126 1201 210620
1075 1360 86580
1073 1109 182500
1136 1146 41020
1180 1334 187100
1039 1136 130380
1090 1104 196900
1106 1227 37440
1106 1180 37460
1180 1227 37360
1115 1336 37400
1146 1213 37440
1126 1136 38440
1133 1146 37460
1097 1180 37520
1080 1088 37520
1073 1088 37540
1042 1200 37640
1171 1191 212000
1106 1131 37720
1180 1360 123380
1032 1200 107980
1088 1109 37900
1136 1341 107220
1088 1336 37860
1075 1144 37840
1080 1146 187760
1073 1136 204800
1107 1334 38380
1075 1180 203720
1088 1142 37960
1107 1115 37920
1117 1131 37980
1146 1336 38000
1180 1210 128980
1126 1180 129660
1063 1117 38040
1142 1175 38160
1106 1158 127960
1179 1191 38080
1168 1336 97740
1125 1168 38100
1133 1162 130460
1032 1088 40940
1133 1156 198080
1065 1066 182020
1073 1210 127400
1126 1142 127860
1126 1171 127900
1146 1175 38320
1039 1126 211520
1039 1127 38420
1090 1136 192060
1109 1136 211760
1127 1136 127820
1073 1162 210460
1049 1168 182880
1090 1210 188320
1115 1117 38520
1065 1215 196420
1084 1133 38560
1073 1149 38580
1149 1360 187120
1039 1073 127160
1187 1189 211660
1212 1337 112580
1117 1164 128300
1168 1227 107220
1073 1090 126120
1115 1136 191940
1039 1131 38840
1032 1191 38880
1092 1131 38880
1136 1171 111460
1084 1136 211740
1146 1358 39160
1075 1136 211860
1117 1146 39320
1114 1336 194160
1105 1126 210020
1127 1171 118240
1033 1193 197680
1117 1198 39580
1089 1208 40180
1092 1180 39640
1063 1092 39640
1084 1115 203400
1033 1063 39700
1133 1187 209220
1105 1142 39880
1073 1115 175840
1109 1126 40620
1138 1149 203480
1066 1138 40200
1133 1175 40900
1080 1212 97040
1175 1334 100720
1138 1144 40260
1146 1171 40280
1080 1207 40340
1075 1146 211800
1084 1213 211740
1207 1336 101880
1207 1212 197640
1117 1212 40380
1162 1198 207220
1227 1229 40620
1090 1164 106380
1171 1179 104340
1090 1228 187120
1039 1104 40600
1033 1049 40620
1033 1113 40720
1146 1212 40660
1113 1201 211520
1201 1213 209980
1201 1341 40780
1175 1189 40920
1136 1212 40960
1080 1188 41200
1127 1191 187160
1103 1228 188260
1131 1200 41200
1103 1227 41180
1201 1227 192060
1033 1334 41280
1104 1171 41300
1063 1191 41300
1080 1130 211960
1073 1158 42320
1107 1180 41440
1114 1334 41460
1090 1117 203820
1049 1336 197240
1130 1136 42240
1073 1142 127180
1117 1136 204380
1073 1105 43160
1144 1149 211640
1075 1115 106460
1075 1206 87460
1075 1188 188160
1142 1206 86740
1144 1168 88360
1051 1135 182300
1042 1208 87780
1097 1175 87800
1042 1175 87860
1126 1208 103840
1127 1208 87880
1193 1341 88100
1086 1177 88280
1125 1188 88280
1148 1210 88360
1148 1213 89360
1126 1177 191960
1193 1229 103980
1204 1337 104380
1136 1213 211740
1071 1086 203520
1066 1201 88640
1071 1073 88660
1086 1201 88700
1199 1204 97600
1051 1179 88920
1133 1204 96780
1042 1198 88960
1138 1198 204240
1075 1138 107320
1179 1334 125380
1071 1201 187080
1051 1149 89240
1033 1164 89700
1066 1212 89840
1071 1212 89880
1049 1177 97220
1171 1178 90960
1089 1125 91460
1149 1358 91500
1136 1156 123400
1085 1171 187160
1042 1126 191980
1149 1201 93260
1089 1107 93420
1108 1337 105860
1171 1200 94780
1204 1228 100700
1100 1125 95680
1125 1207 96500
1155 1214 96760
1156 1210 96760
1175 1178 96760
1073 1178 187340
1090 1204 194960
1204 1334 104420
1085 1138 194340
1092 1191 96760
1130 1133 204120
1149 1178 104240
1066 1179 96780
1075 1126 204380
1090 1334 182800
1089 1092 96780
1092 1187 96780
1097 1126 181780
1097 1215 96800
1149 1215 116140
1100 1149 96800
1104 1188 96880
1090 1188 96820
1142 1188 100980
1089 1204 96820
1092 1127 182280
1135 1146 96820
1026 1334 96840
1056 1193 96980
1193 1334 96840
1071 1334 96840
1026 1090 96880
1142 1171 96880
1086 1187 117460
1198 1341 96880
1085 1199 96880
1138 1215 198380
1092 1126 96880
1051 1097 96880
1138 1146 125580
1126 1179 96900
1092 1142 96900
1138 1358 96900
1032 1092 96920
1042 1138 204060
1071 1171 96920
1092 1335 174680
1026 1032 96940
1188 1201 96940
1097 1158 96980
1042 1049 96980
1187 1228 96980
1228 1341 96980
1051 1228 97000
1090 1144 203720
1188 1358 97100
1199 1206 97040
1084 1168 97040
1135 1168 104280
1039 1201 97060
1033 1199 97580
1164 1359 97120
1175 1188 97100
1175 1358 97080
1135 1201 97080
1135 1228 101360
1156 1204 188220
1039 1177 97100
1039 1051 97100
1026 1135 181640
1066 1206 97120
1126 1133 128920
1026 1204 103840
1026 1133 97140
1039 1056 97140
1080 1108 123600
1092 1135 97140
1206 1210 97160
1162 1204 188140
1039 1188 97180
1049 1135 97180
1135 1171 106780
1133 1188 187100
1188 1334 182760
1133 1191 101320
1090 1149 203560
1168 1178 108440
1114 1171 101820
1178 1336 182480
1067 1188 97240
1146 1188 187140
1130 1227 97720
1026 1188 97300
1033 1188 195600
1171 1188 97300
1188 1199 97300
1073 1201 97300
1210 1227 192060
1146 1359 97300
1033 1229 119820
1171 1334 198780
1135 1334 188240
1042 1171 209980
1042 1199 182840
1171 1207 97340
1082 1133 187340
1032 1033 97360
1041 1193 97360
1042 1334 97640
1135 1210 100700
1033 1175 97380
1138 1177 103280
1026 1033 209980
1033 1114 97560
1114 1229 97420
1135 1164 97440
1042 1135 104120
1135 1204 104260
1135 1358 97460
1073 1204 182860
1130 1360 97520
1033 1360 100860
1114 1142 209940
1032 1164 210420
1164 1358 105200
1042 1142 103840
1080 1128 97920
1032 1067 182120
1042 1067 127880
1156 1199 197080
1032 1104 97620
1033 1148 97600
1042 1104 103840
1130 1179 97600
1179 1199 182920
1114 1358 97600
1032 1187 97640
1032 1171 103960
1032 1199 182840
1033 1138 112700
1033 1042 198000
1033 1142 97640
1042 1187 127060
1082 1171 198140
1114 1138 194960
1032 1133 97660
1033 1089 194060
1033 1187 97700
1033 1227 119860
1033 1198 111400
1033 1149 97660
1149 1171 111420
1148 1179 101380
1227 1358 97660
1133 1177 97680
1049 1084 97680
1191 1358 97680
1105 1198 97680
1032 1138 102980
1191 1335 97700
1033 1126 97720
1041 1341 97720
1204 1206 97720
1127 1138 128580
1149 1156 97740
1179 1360 97780
1097 1179 97780
1073 1130 210020
1033 1179 180840
1073 1104 97800
1156 1212 97860
1039 1092 97980
1126 1191 104180
1033 1097 101060
1029 1082 98620
1066 1135 103860
1086 1335 100520
1093 1117 176440
1113 1166 99580
1108 1200 99860
1144 1228 100680
1135 1360 110720
1107 1228 100700
1135 1187 100800
1168 1199 100740
1175 1360 100700
1187 1335 100700
1210 1335 100700
1039 1335 100720
1065 1107 100720
1114 1201 100720
1136 1175 100720
1138 1178 182480
1200 1206 100720
1039 1114 100740
1051 1201 100740
1136 1204 100740
1128 1148 100780
1033 1336 100760
1042 1360 127860
1051 1114 100760
1097 1228 194040
1177 1204 127320
1042 1204 100860
1136 1148 101000
1057 1080 211900
1026 1128 100900
1026 1125 100900
1042 1168 182320
1097 1334 100900
1191 1336 101160
1198 1204 107080
1104 1128 194540
1162 1336 210940
1066 1177 100940
1168 1179 122080
1178 1181 100980
1188 1228 197140
1042 1166 101000
1179 1181 101000
1097 1227 101060
1114 1228 101060
1146 1148 101060
1026 1042 120420
1042 1188 101080
1033 1166 101140
1198 1210 196620
1046 1080 101460
1033 1115 203560
1026 1336 101180
1115 1179 105720
1041 1198 101360
1057 1171 122940
1148 1171 101240
1057 1148 101240
1117 1168 101300
1085 1130 187280
1041 1164 101360
1164 1171 101380
1026 1066 101360
1033 1204 101380
1046 1108 111560
1067 1204 106960
1130 1214 105060
1073 1156 182860
1146 1181 101460
1057 1073 108380
1135 1142 103880
1033 1125 188240
1057 1108 107760
1039 1046 197820
1066 1089 103820
1210 1337 101540
1080 1173 187600
1177 1336 101700
1066 1360 101700
1053 1214 191500
1173 1337 101720
1208 1212 101700
1026 1084 211500
1114 1168 101720
1066 1125 101720
1108 1142 101720
1042 1173 101740
1214 1229 105280
1089 1360 182600
1177 1214 118200
1057 1360 128000
1199 1229 101800
1135 1206 101880
1089 1198 126900
1073 1166 101860
1117 1166 101860
1042 1090 180380
1046 1358 101860
1115 1177 103860
1114 1115 101860
1130 1212 101860
1191 1210 192040
1090 1200 101880
1130 1138 187140
1086 1227 101900
1173 1178 101920
1178 1207 101920
1173 1336 102740
1126 1162 201080
1046 1056 102000
1093 1178 187980
1173 1360 102080
1115 1360 102100
1187 1207 102160
1173 1228 102260
1115 1138 102540
1093 1138 102660
1168 1228 103820
1107 1162 102740
1138 1173 103600
1138 1200 103160
1126 1360 181800
1042 1108 103600
1057 1138 123600
1056 1126 103820
1104 1136 103820
1177 1227 103820
1200 1227 103820
1149 1162 103840
1100 1164 103840
1039 1227 103840
1042 1227 103840
1178 1228 177080
1057 1149 194240
1066 1126 191960
1179 1229 103840
1100 1135 103840
1093 1168 108800
1128 1191 103860
1204 1336 123680
1115 1204 103860
1117 1204 117500
1204 1214 103860
1135 1208 103900
1156 1215 103880
1191 1213 197940
1130 1228 103900
1212 1229 104300
1162 1359 103920
1042 1066 127180
1138 1187 104680
1115 1208 103980
1057 1228 104020
1100 1337 104020
1100 1336 104040
1080 1100 104040
1212 1214 118220
1067 1168 104060
1204 1360 104200
1051 1155 209480
1056 1135 104120
1133 1135 104120
1158 1212 104420
1136 1162 188380
1204 1229 104200
1213 1336 104180
1204 1212 188540
1213 1334 182500
1115 1149 125060
1136 1206 204440
1135 1178 105220
1135 1138 104260
1149 1229 111380
1142 1162 108860
1090 1360 124680
1133 1193 181660
1085 1204 104420
1039 1199 104440
1191 1206 104440
1093 1337 104460
1090 1191 211760
1126 1155 104820
1155 1191 104560
1187 1208 104780
1108 1149 104660
1138 1208 104620
1090 1199 195020
1138 1191 105600
1193 1198 104700
1084 1138 108280
1149 1168 104760
1187 1214 182580
1166 1214 105280
1155 1212 188200
1084 1191 197660
1166 1187 104920
1155 1204 104880
1126 1164 105280
1155 1360 104920
1155 1187 194280
1158 1229 105020
1149 1187 105680
1029 1341 105000
1029 1138 123960
1029 1191 105600
1044 1080 105100
1130 1229 105420
1039 1336 105220
1029 1130 105160
1056 1171 105500
1044 1128 211740
1085 1149 105320
1135 1337 105260
1085 1187 105280
1084 1128 211700
1130 1158 105340
1142 1336 105420
1090 1178 105360
1089 1126 126900
1136 1360 106520
1127 1360 105420
1214 1334 105500
1032 1128 123180
1057 1144 105520
1212 1228 105520
1042 1115 105620
1046 1191 105620
1138 1214 118340
1042 1179 182840
1107 1191 105660
1046 1166 105740
1067 1214 105880
1085 1214 105900
1156 1213 105980
1065 1177 105960
1044 1149 106360
1126 1187 106480
1073 1177 106600
1108 1212 106060
1136 1358 127360
1168 1177 118240
1358 1360 106160
1046 1128 109760
1126 1206 195680
1039 1360 106400
1051 1128 106420
1156 1334 107400
1057 1136 123280
1162 1164 206960
1042 1044 106540
1090 1162 202580
1144 1360 146640
1029 1158 106780
1138 1162 211520
1156 1359 107960
1107 1177 106700
1128 1135 106740
1044 1046 109620
1164 1168 108440
1042 1071 106800
1049 1156 196960
1029 1360 187160
1044 1135 106820
1029 1149 197900
1164 1178 108060
1127 1341 123280
1156 1181 107960
1029 1144 107240
1210 1336 106920
1208 1213 106940
1056 1175 109740
1084 1130 107100
1171 1213 107140
1090 1109 107300
1179 1204 108700
1092 1175 108020
1191 1198 107240
1127 1149 107280
1029 1057 123860
1057 1336 107800
1155 1227 203620
1049 1171 211760
1086 1142 107440
1039 1117 107780
1115 1171 198220
1066 1227 108220
1080 1199 107460
1039 1358 107480
1071 1127 107580
1065 1109 107640
1090 1206 107640
1108 1336 107780
1075 1168 181640
1032 1086 107760
1066 1181 107800
1136 1179 107840
1136 1198 107840
1135 1149 108720
1039 1071 107860
1107 1127 107860
1156 1336 107960
1033 1200 107980
1033 1213 209980
1067 1136 108040
1138 1229 108240
1084 1229 108240
1229 1336 108240
1041 1084 108280
1181 1334 108300
1057 1117 122940
1086 1215 108420
1042 1215 203700
1212 1334 108400
1029 1135 123400
1158 1206 108600
1136 1177 108480
1033 1117 109040
1109 1158 108540
1075 1093 108660
1127 1206 192400
1130 1210 108760
1073 1227 109520
1138 1213 109020
1033 1228 203660
1103 1149 109240
1044 1067 109680
1046 1168 109780
1092 1162 111020
1032 1107 110080
1042 1107 110420
1033 1100 111420
1100 1201 110640
1033 1168 182840
1135 1180 111020
1142 1212 111060
1126 1149 111260
1100 1198 111380
1198 1201 111360
1033 1146 111500
1135 1175 123320
1032 1212 186900
1080 1102 112300
1042 1084 117060
1057 1126 112800
1046 1187 187100
1044 1336 113580
1154 1156 114200
1044 1142 123640
1057 1142 176380
1105 1164 116400
1073 1082 116400
1056 1191 116580
1090 1175 122480
1090 1213 116600
1142 1215 116700
1136 1155 187520
1208 1215 116760
1135 1136 187620
1090 1103 117120
1154 1178 194340
1097 1335 174700
1135 1156 116860
1175 1204 116860
1162 1179 116980
1105 1199 116980
1135 1177 181920
1155 1177 117060
1164 1214 117160
1154 1171 204740
1057 1180 193100
1126 1188 195700
1042 1128 118020
1080 1106 117760
1057 1090 117660
1125 1191 210580
1179 1335 117620
1109 1227 118220
1033 1133 194440
1100 1180 117780
1100 1212 117820
1056 1155 117840
1033 1128 117840
1100 1187 190700
1117 1135 117860
1029 1179 118060
1135 1336 117880
1082 1207 117940
1042 1358 117960
1086 1334 187280
1042 1336 117980
1127 1179 118040
1188 1204 182300
1100 1126 118220
1108 1201 118220
1085 1108 118240
1146 1158 196840
1180 1336 118660
1049 1103 119260
1029 1066 119640
1033 1080 119900
1082 1097 120720
1105 1114 121000
1142 1193 121060
1154 1207 122080
1042 1158 122060
1042 1207 122060
1042 1103 122060
1089 1108 122060
1154 1179 122080
1042 1086 194720
1085 1193 187120
1086 1146 122100
1154 1193 122120
1097 1193 122840
1067 1175 122320
1057 1199 122780
1127 1193 122800
1090 1212 197840
1149 1158 122900
1057 1133 122920
1126 1199 195220
1117 1171 122960
1210 1360 125600
1117 1126 124000
1039 1166 123220
1057 1198 182560
1175 1193 123240
1166 1191 123300
1128 1358 123300
1156 1175 123320
1032 1359 182160
1057 1109 123600
1029 1193 123560
1082 1155 181960
1175 1180 123400
1180 1193 123400
1191 1359 187160
1142 1198 194900
1082 1135 181960
1136 1164 204040
1166 1212 123480
1171 1199 123480
1156 1187 123540
1191 1215 123740
1117 1199 186340
1133 1142 128980
1166 1358 124080
1090 1133 129680
1117 1142 127920
1044 1133 123640
1044 1126 123640
1044 1199 123640
1133 1210 123680
1204 1358 123700
1193 1204 123760
1142 1187 125020
1032 1082 182120
1039 1191 188080
1117 1228 124080
1103 1136 124180
1093 1179 124720
1080 1103 124280
1090 1138 194660
1029 1142 124500
1029 1126 124980
1136 1187 125460
1057 1229 124600
1158 1171 125500
1158 1214 183000
1085 1334 124680
1085 1359 124680
1104 1228 124860
1090 1229 125320
1029 1206 125420
1106 1115 125620
1090 1187 125420
1029 1065 125520
1065 1149 125500
1085 1089 125540
1085 1133 125540
1133 1358 127000
1126 1138 195800
1089 1133 125600
1042 1136 203720
1065 1115 125740
1046 1198 129600
1171 1358 128160
1133 1171 194060
1029 1171 126000
1032 1179 127300
1042 1228 127480
1228 1358 126740
1065 1085 125980
1039 1042 126260
1029 1228 127220
1106 1229 126240
1042 1089 194220
1133 1336 194060
1046 1142 126920
1029 1358 126720
1104 1215 126740
1029 1133 126760
1142 1229 127180
1149 1204 127300
1106 1149 127320
1341 1360 127560
1090 1358 127780
1215 1336 198820
1042 1133 127880
1162 1206 127680
1039 1210 128220
1067 1360 127900
1158 1360 127900
1158 1336 127960
1210 1358 128080
1032 1214 128200
1039 1171 212060
1138 1156 128620
1067 1206 128660
1039 1142 128840
1133 1180 181900
1039 1180 129420
1085 1126 187320
1103 1138 194500
1191 1228 130220
1033 1341 150660
1084 1148 173920
1148 1193 175540
1084 1193 173920
1126 1215 173980
1148 1164 174360
1032 1051 174600
1042 1085 174900
1032 1085 181640
1032 1155 174840
1199 1214 174980
1026 1117 175200
1133 1173 175300
1178 1360 176180
1082 1360 182780
1051 1360 176160
1073 1093 176260
1057 1193 176420
1084 1228 176540
1084 1126 191900
1152 1173 177500
1056 1154 178480
1179 1213 179260
1041 1179 179020
1066 1133 178920
1121 1360 180420
1089 1117 180720
1065 1086 180860
1056 1335 181600
1144 1155 181620
1156 1335 181740
1168 1215 181620
1066 1155 182540
1032 1075 181640
1032 1084 181640
1046 1086 181640
1086 1212 187060
1359 1360 181640
1121 1135 181640
1065 1152 210580
1066 1075 181660
1066 1335 181900
1127 1164 181680
1082 1335 181680
1152 1215 181700
1115 1335 181700
1133 1152 181720
1086 1154 194740
1075 1359 181720
1214 1335 181860
1082 1214 181720
1032 1066 181760
1075 1335 182120
1121 1126 181780
1146 1178 181980
1127 1212 181800
1126 1135 181800
1146 1168 187760
1075 1090 181880
1168 1171 181920
1135 1191 181940
1103 1135 187500
1075 1135 182040
1075 1082 187100
1133 1168 182000
1168 1198 182020
1042 1206 182020
1146 1191 182420
1164 1206 187180
1146 1335 182120
1089 1114 182060
1090 1154 182080
1126 1168 182080
1126 1359 195160
1073 1335 182120
1039 1152 182140
1032 1168 182140
1051 1359 182140
1067 1075 182140
1075 1085 182160
1146 1215 182140
1042 1065 182220
1042 1359 182160
1066 1085 182160
1092 1215 208800
1032 1065 182240
1127 1135 182200
1152 1212 182340
1085 1191 182200
1085 1212 182340
1114 1126 210980
1149 1152 198080
1125 1152 182240
1215 1334 188400
1067 1191 182240
1067 1189 182260
1066 1092 182280
1084 1152 182300
1152 1189 182340
1122 1138 212360
1042 1146 182400
1143 1204 182460
1122 1178 197060
1152 1360 188360
1152 1204 187700
1143 1152 182440
1090 1130 182440
1152 1214 182580
1149 1198 182800
1086 1360 182480
1152 1213 211700
1126 1152 182500
1126 1178 182500
1042 1213 182520
1085 1154 182540
1204 1213 182540
1152 1156 182600
1039 1125 182580
1057 1125 182580
1187 1204 182580
1125 1214 182580
1152 1191 182600
1103 1171 196480
1191 1204 182600
1032 1130 182620
1191 1360 182620
1126 1334 182640
1032 1215 182840
1085 1097 198120
1171 1204 182700
1093 1122 187940
1143 1171 208060
1042 1127 182740
1067 1127 182740
1105 1127 182740
1085 1179 182760
1082 1204 182760
1082 1179 182780
1152 1188 182800
1049 1206 182800
1067 1158 182820
1152 1210 211700
1085 1146 182860
1042 1073 191940
1042 1109 182880
1171 1180 211720
1085 1127 182860
1178 1189 182880
1033 1105 182900
1089 1090 182900
1033 1143 182940
1039 1207 183020
1089 1206 183040
1127 1177 186980
1168 1213 183140
1041 1092 183240
1067 1177 186980
1044 1100 183460
1128 1187 183460
1026 1065 211520
1168 1173 186400
1026 1193 186680
1138 1212 197680
1085 1178 197580
1026 1210 187060
1026 1075 209960
1046 1212 187060
1051 1212 187060
1075 1210 187060
1210 1212 187080
1029 1187 187080
1049 1051 187080
1051 1210 187080
1051 1085 187080
1075 1204 187700
1082 1130 187080
1086 1097 187080
1199 1212 187080
1065 1121 187100
1065 1187 194060
1075 1334 187100
1082 1180 187100
1130 1336 187140
1142 1201 210540
1206 1334 187100
1029 1125 187120
1090 1177 187160
1164 1334 187120
1193 1199 187120
1201 1334 187120
1075 1158 194040
1084 1171 187140
1171 1206 187160
1177 1188 187160
1066 1146 187160
1084 1214 187160
1122 1336 212200
1136 1173 187220
1126 1130 187200
1146 1187 188220
1051 1334 187260
1086 1168 187280
1168 1334 187340
1051 1127 187380
1130 1187 209800
1097 1207 187420
1178 1193 187440
1146 1204 187480
1051 1168 187540
1049 1097 189840
1075 1133 187560
1046 1085 187620
1075 1109 187840
1135 1188 187640
1065 1146 187660
1089 1121 187760
1085 1090 187640
1127 1168 187760
1097 1114 187720
1109 1188 187740
1080 1168 187780
1046 1103 187780
1051 1136 187800
1092 1177 187820
1178 1198 187840
1032 1177 191980
1075 1193 187880
1035 1080 196200
1035 1105 187980
1035 1143 188000
1049 1114 187980
1122 1360 187920
1035 1047 188000
1089 1171 188340
1047 1080 203920
1035 1146 207820
1121 1171 187980
1047 1105 196840
1035 1149 188140
1047 1149 188000
1189 1201 188000
1188 1193 196880
1146 1201 211480
1154 1198 188160
1084 1336 210040
1075 1084 188280
1121 1138 188320
1135 1193 188360
1114 1155 188360
1046 1127 188360
1065 1171 188580
1046 1090 188380
1046 1115 188400
1047 1121 188400
1075 1127 192100
1085 1228 188460
1035 1336 198400
1035 1051 203880
1035 1227 202960
1053 1336 188680
1130 1171 188700
1114 1152 194100
1035 1180 205420
1047 1171 196840
1121 1334 191060
1049 1207 191080
1035 1212 191420
1035 1189 191500
1065 1075 204340
1032 1126 191980
1136 1191 192040
1136 1201 211840
1127 1158 192060
1033 1066 192060
1075 1201 211820
1103 1201 194040
1035 1057 211740
1144 1214 193060
1121 1144 192300
1086 1130 193380
1152 1187 193180
1035 1092 193420
1032 1149 193700
1146 1162 203860
1075 1155 203500
1158 1215 194040
1126 1158 194040
1158 1359 194040
1033 1177 194040
1033 1109 194040
1047 1065 194040
1053 1089 194040
1065 1359 194040
1144 1204 194040
1158 1201 194060
1158 1210 194060
1158 1334 194060
1033 1086 194060
1053 1193 194060
1053 1086 194060
1187 1210 194060
1191 1334 194060
1090 1201 194060
1071 1104 203360
1053 1212 194100
1093 1204 194100
1085 1336 194140
1085 1114 194160
1086 1104 194120
1162 1199 197160
1035 1126 194240
1035 1127 194580
1103 1178 194260
1189 1204 194300
1189 1213 194320
1104 1201 194320
1115 1334 194320
1155 1210 194340
1075 1198 195400
1033 1035 204960
1178 1335 194400
1049 1090 194540
1103 1128 194400
1085 1152 194480
1053 1177 195760
1080 1127 194580
1044 1104 211180
1090 1122 194660
1035 1155 203860
1035 1073 208400
1035 1086 210420
1086 1103 194700
1035 1103 194720
1029 1114 194860
1035 1138 198120
1029 1199 194980
1051 1126 195100
1104 1152 204260
1035 1097 195340
1144 1191 195320
1035 1228 195460
1035 1164 195820
1035 1198 207820
1114 1198 195880
1035 1040 203720
1035 1158 196180
1035 1171 197540
1051 1053 196480
1035 1065 196600
1065 1228 196600
1103 1127 196620
1103 1198 196640
1085 1198 196720
1049 1162 196900
1035 1075 203640
1103 1180 197080
1035 1122 198320
1035 1178 197140
1035 1085 197140
1085 1142 197220
1146 1206 197360
1035 1207 197380
1026 1080 203300
1080 1084 210040
1138 1193 197600
1029 1152 197760
1026 1213 211600
1138 1180 197900
1067 1187 197980
1042 1156 198000
1162 1189 203860
1033 1171 198200
1127 1162 198240
1035 1215 206380
1122 1215 198220
1032 1228 198260
1035 1046 198320
1046 1336 198320
1066 1104 198520
1103 1334 200960
1035 1053 200100
1047 1187 203280
1126 1189 210020
1136 1152 203540
1097 1177 203460
1128 1359 203480
1093 1180 203500
1180 1359 203500
1138 1359 203540
1029 1073 205620
1032 1071 203520
1071 1117 203520
1082 1138 203540
1122 1152 203580
1033 1084 203580
1155 1180 203600
1047 1133 203600
1122 1171 211780
1126 1341 211600
1033 1156 204940
1146 1341 203760
1144 1336 203800
1080 1177 204000
1084 1201 204000
1035 1199 204080
1146 1180 204080
1042 1051 204200
1122 1198 204220
1035 1152 209560
1126 1227 204380
1115 1201 204400
1084 1206 204520
1026 1071 204540
1084 1210 211740
1065 1180 210700
1126 1154 204700
1041 1104 204820
1051 1086 206460
1035 1142 206920
1109 1187 207240
1144 1215 207600
1115 1144 208040
1126 1128 209480
1155 1215 208000
1115 1210 209920
1114 1154 208520
1136 1215 208800
1042 1152 209340
1044 1049 209940
1115 1213 209940
1125 1128 209940
1026 1171 209960
1075 1191 209960
1084 1341 211060
1026 1201 211540
1143 1144 209980
1033 1071 210400
1162 1191 210060
1035 1193 210140
1035 1154 210120
1035 1214 210140
1115 1164 210180
1071 1206 210180
1180 1213 210200
1071 1162 210220
1026 1158 210240
1180 1214 210360
1180 1187 210500
1171 1201 211500
1201 1336 210620
1080 1201 210580
1125 1201 210640
1130 1193 211860
1032 1146 211540
1114 1122 211380
1187 1201 211500
1044 1213 211740
1122 1130 211520
1104 1109 211560
1084 1104 211580
1104 1213 211700
1026 1104 211600
1044 1136 211720
1044 1109 211740
1109 1128 211760
1128 1136 211840
1158 1189 211660
1044 1093 211680
1093 1128 211700
1093 1109 211740
1086 1114 211680
1171 1187 211680
1044 1341 211680
1044 1210 211720
1044 1114 211680
1044 1086 211740
1093 1210 211740
1128 1210 211700
1109 1210 211720
1086 1210 211740
1084 1086 211740
1093 1213 211740
1109 1213 211720
1114 1213 211700
1086 1213 211740
1093 1341 211680
1086 1093 211760
1109 1114 211700
1109 1341 211680
1114 1128 211700
1114 1341 211680
1086 1128 211720
1086 1341 211680
1109 1152 211700
1049 1201 211700
1086 1109 211740
1128 1213 211740
1128 1198 211780
1128 1146 211780
1128 1201 211840
1071 1142 212060
